<Qucs Dataset 0.0.16>
<indep time 75>
  +0.00000000000e+000
  +4.04040404040e-005
  +8.08080808081e-005
  +1.21212121212e-004
  +1.61616161616e-004
  +2.02020202020e-004
  +2.42424242424e-004
  +2.82828282828e-004
  +3.23232323232e-004
  +3.63636363636e-004
  +4.04040404040e-004
  +4.44444444444e-004
  +4.84848484848e-004
  +5.25252525253e-004
  +5.65656565657e-004
  +6.06060606061e-004
  +6.46464646465e-004
  +6.86868686869e-004
  +7.27272727273e-004
  +7.67676767677e-004
  +8.08080808081e-004
  +8.48484848485e-004
  +8.88888888889e-004
  +9.29292929293e-004
  +9.69696969697e-004
  +1.01010101010e-003
  +1.05050505051e-003
  +1.09090909091e-003
  +1.13131313131e-003
  +1.17171717172e-003
  +1.21212121212e-003
  +1.25252525253e-003
  +1.29292929293e-003
  +1.33333333333e-003
  +1.37373737374e-003
  +1.41414141414e-003
  +1.45454545455e-003
  +1.49494949495e-003
  +1.53535353535e-003
  +1.57575757576e-003
  +1.61616161616e-003
  +1.65656565657e-003
  +1.69696969697e-003
  +1.73737373737e-003
  +1.77777777778e-003
  +1.81818181818e-003
  +1.85858585859e-003
  +1.89898989899e-003
  +1.93939393939e-003
  +1.97979797980e-003
  +2.02020202020e-003
  +2.06060606061e-003
  +2.10101010101e-003
  +2.14141414141e-003
  +2.18181818182e-003
  +2.22222222222e-003
  +2.26262626263e-003
  +2.30303030303e-003
  +2.34343434343e-003
  +2.38383838384e-003
  +2.42424242424e-003
  +2.46464646465e-003
  +2.50505050505e-003
  +2.54545454545e-003
  +2.58585858586e-003
  +2.62626262626e-003
  +2.66666666667e-003
  +2.70707070707e-003
  +2.74747474747e-003
  +2.78787878788e-003
  +2.82828282828e-003
  +2.86868686869e-003
  +2.90909090909e-003
  +2.94949494949e-003
  +2.98989898990e-003
</indep>
<indep res 3>
  +1.00000000000e+003
  +2.00000000000e+003
  +1.00000000000e+004
</indep>
<dep V2.It time res>
  +0.00000000000e+000
  +0.00000000000e+000
  +0.00000000000e+000
  +0.00000000000e+000
  +0.00000000000e+000
  +0.00000000000e+000
  +0.00000000000e+000
  +0.00000000000e+000
  +0.00000000000e+000
  +0.00000000000e+000
  +0.00000000000e+000
  +0.00000000000e+000
  +0.00000000000e+000
  +0.00000000000e+000
  +0.00000000000e+000
  +0.00000000000e+000
  +0.00000000000e+000
  +0.00000000000e+000
  +0.00000000000e+000
  +0.00000000000e+000
  +0.00000000000e+000
  +0.00000000000e+000
  +0.00000000000e+000
  +0.00000000000e+000
  +0.00000000000e+000
  +0.00000000000e+000
  +0.00000000000e+000
  +0.00000000000e+000
  +0.00000000000e+000
  +0.00000000000e+000
  +0.00000000000e+000
  +0.00000000000e+000
  +0.00000000000e+000
  +0.00000000000e+000
  +0.00000000000e+000
  +0.00000000000e+000
  +0.00000000000e+000
  +0.00000000000e+000
  +0.00000000000e+000
  +0.00000000000e+000
  +0.00000000000e+000
  +0.00000000000e+000
  +0.00000000000e+000
  +0.00000000000e+000
  +0.00000000000e+000
  +0.00000000000e+000
  +0.00000000000e+000
  +0.00000000000e+000
  +0.00000000000e+000
  +0.00000000000e+000
  +0.00000000000e+000
  +0.00000000000e+000
  +0.00000000000e+000
  +0.00000000000e+000
  +0.00000000000e+000
  +0.00000000000e+000
  +0.00000000000e+000
  +0.00000000000e+000
  +0.00000000000e+000
  +0.00000000000e+000
  +0.00000000000e+000
  +0.00000000000e+000
  +0.00000000000e+000
  +0.00000000000e+000
  +0.00000000000e+000
  +0.00000000000e+000
  +0.00000000000e+000
  +0.00000000000e+000
  +0.00000000000e+000
  +0.00000000000e+000
  +0.00000000000e+000
  +0.00000000000e+000
  +0.00000000000e+000
  +0.00000000000e+000
  +0.00000000000e+000
  +0.00000000000e+000
  +0.00000000000e+000
  +0.00000000000e+000
  +0.00000000000e+000
  +0.00000000000e+000
  +0.00000000000e+000
  +0.00000000000e+000
  +0.00000000000e+000
  +0.00000000000e+000
  +0.00000000000e+000
  +0.00000000000e+000
  +0.00000000000e+000
  +0.00000000000e+000
  +0.00000000000e+000
  +0.00000000000e+000
  +0.00000000000e+000
  +0.00000000000e+000
  +0.00000000000e+000
  +0.00000000000e+000
  +0.00000000000e+000
  +0.00000000000e+000
  +0.00000000000e+000
  +0.00000000000e+000
  +0.00000000000e+000
  +0.00000000000e+000
  +0.00000000000e+000
  +0.00000000000e+000
  +0.00000000000e+000
  +0.00000000000e+000
  +0.00000000000e+000
  +0.00000000000e+000
  +0.00000000000e+000
  +0.00000000000e+000
  +0.00000000000e+000
  +0.00000000000e+000
  +0.00000000000e+000
  +0.00000000000e+000
  +0.00000000000e+000
  +0.00000000000e+000
  +0.00000000000e+000
  +0.00000000000e+000
  +0.00000000000e+000
  +0.00000000000e+000
  +0.00000000000e+000
  +0.00000000000e+000
  +0.00000000000e+000
  +0.00000000000e+000
  +0.00000000000e+000
  +0.00000000000e+000
  +0.00000000000e+000
  +0.00000000000e+000
  +0.00000000000e+000
  +0.00000000000e+000
  +0.00000000000e+000
  +0.00000000000e+000
  +0.00000000000e+000
  +0.00000000000e+000
  +0.00000000000e+000
  +0.00000000000e+000
  +0.00000000000e+000
  +0.00000000000e+000
  +0.00000000000e+000
  +0.00000000000e+000
  +0.00000000000e+000
  +0.00000000000e+000
  +0.00000000000e+000
  +0.00000000000e+000
  +0.00000000000e+000
  +0.00000000000e+000
  +0.00000000000e+000
  +0.00000000000e+000
  +0.00000000000e+000
  +0.00000000000e+000
  +0.00000000000e+000
  +0.00000000000e+000
  +0.00000000000e+000
  +0.00000000000e+000
  +0.00000000000e+000
  +0.00000000000e+000
  +0.00000000000e+000
  +0.00000000000e+000
  +0.00000000000e+000
  +0.00000000000e+000
  +0.00000000000e+000
  +0.00000000000e+000
  +0.00000000000e+000
  +0.00000000000e+000
  +0.00000000000e+000
  +0.00000000000e+000
  +0.00000000000e+000
  +0.00000000000e+000
  +0.00000000000e+000
  +0.00000000000e+000
  +0.00000000000e+000
  +0.00000000000e+000
  +0.00000000000e+000
  +0.00000000000e+000
  +0.00000000000e+000
  +0.00000000000e+000
  +0.00000000000e+000
  +0.00000000000e+000
  +0.00000000000e+000
  +0.00000000000e+000
  +0.00000000000e+000
  +0.00000000000e+000
  +0.00000000000e+000
  +0.00000000000e+000
  +0.00000000000e+000
  +0.00000000000e+000
  +0.00000000000e+000
  +0.00000000000e+000
  +0.00000000000e+000
  +0.00000000000e+000
  +0.00000000000e+000
  +0.00000000000e+000
  +0.00000000000e+000
  +0.00000000000e+000
  +0.00000000000e+000
  +0.00000000000e+000
  +0.00000000000e+000
  +0.00000000000e+000
  +0.00000000000e+000
  +0.00000000000e+000
  +0.00000000000e+000
  +0.00000000000e+000
  +0.00000000000e+000
  +0.00000000000e+000
  +0.00000000000e+000
  +0.00000000000e+000
  +0.00000000000e+000
  +0.00000000000e+000
  +0.00000000000e+000
  +0.00000000000e+000
  +0.00000000000e+000
  +0.00000000000e+000
  +0.00000000000e+000
  +0.00000000000e+000
  +0.00000000000e+000
  +0.00000000000e+000
  +0.00000000000e+000
  +0.00000000000e+000
  +0.00000000000e+000
  +0.00000000000e+000
  +0.00000000000e+000
  +0.00000000000e+000
  +0.00000000000e+000
  +0.00000000000e+000
  +0.00000000000e+000
  +0.00000000000e+000
  +0.00000000000e+000
</dep>
<dep V1.It time res>
  +0.00000000000e+000
  +0.00000000000e+000
  +0.00000000000e+000
  +0.00000000000e+000
  +0.00000000000e+000
  +0.00000000000e+000
  +0.00000000000e+000
  +0.00000000000e+000
  +0.00000000000e+000
  +0.00000000000e+000
  +0.00000000000e+000
  +0.00000000000e+000
  +0.00000000000e+000
  +0.00000000000e+000
  +0.00000000000e+000
  +0.00000000000e+000
  +0.00000000000e+000
  +0.00000000000e+000
  +0.00000000000e+000
  +0.00000000000e+000
  +0.00000000000e+000
  +0.00000000000e+000
  +0.00000000000e+000
  +0.00000000000e+000
  +0.00000000000e+000
  +0.00000000000e+000
  +0.00000000000e+000
  +0.00000000000e+000
  +0.00000000000e+000
  +0.00000000000e+000
  +0.00000000000e+000
  +0.00000000000e+000
  +0.00000000000e+000
  +0.00000000000e+000
  +0.00000000000e+000
  +0.00000000000e+000
  +0.00000000000e+000
  +0.00000000000e+000
  +0.00000000000e+000
  +0.00000000000e+000
  +0.00000000000e+000
  +0.00000000000e+000
  +0.00000000000e+000
  +0.00000000000e+000
  +0.00000000000e+000
  +0.00000000000e+000
  +0.00000000000e+000
  +0.00000000000e+000
  +0.00000000000e+000
  +0.00000000000e+000
  +0.00000000000e+000
  +0.00000000000e+000
  +0.00000000000e+000
  +0.00000000000e+000
  +0.00000000000e+000
  +0.00000000000e+000
  +0.00000000000e+000
  +0.00000000000e+000
  +0.00000000000e+000
  +0.00000000000e+000
  +0.00000000000e+000
  +0.00000000000e+000
  +0.00000000000e+000
  +0.00000000000e+000
  +0.00000000000e+000
  +0.00000000000e+000
  +0.00000000000e+000
  +0.00000000000e+000
  +0.00000000000e+000
  +0.00000000000e+000
  +0.00000000000e+000
  +0.00000000000e+000
  +0.00000000000e+000
  +0.00000000000e+000
  +0.00000000000e+000
  +0.00000000000e+000
  +0.00000000000e+000
  +0.00000000000e+000
  +0.00000000000e+000
  +0.00000000000e+000
  +0.00000000000e+000
  +0.00000000000e+000
  +0.00000000000e+000
  +0.00000000000e+000
  +0.00000000000e+000
  +0.00000000000e+000
  +0.00000000000e+000
  +0.00000000000e+000
  +0.00000000000e+000
  +0.00000000000e+000
  +0.00000000000e+000
  +0.00000000000e+000
  +0.00000000000e+000
  +0.00000000000e+000
  +0.00000000000e+000
  +0.00000000000e+000
  +0.00000000000e+000
  +0.00000000000e+000
  +0.00000000000e+000
  +0.00000000000e+000
  +0.00000000000e+000
  +0.00000000000e+000
  +0.00000000000e+000
  +0.00000000000e+000
  +0.00000000000e+000
  +0.00000000000e+000
  +0.00000000000e+000
  +0.00000000000e+000
  +0.00000000000e+000
  +0.00000000000e+000
  +0.00000000000e+000
  +0.00000000000e+000
  +0.00000000000e+000
  +0.00000000000e+000
  +0.00000000000e+000
  +0.00000000000e+000
  +0.00000000000e+000
  +0.00000000000e+000
  +0.00000000000e+000
  +0.00000000000e+000
  +0.00000000000e+000
  +0.00000000000e+000
  +0.00000000000e+000
  +0.00000000000e+000
  +0.00000000000e+000
  +0.00000000000e+000
  +0.00000000000e+000
  +0.00000000000e+000
  +0.00000000000e+000
  +0.00000000000e+000
  +0.00000000000e+000
  +0.00000000000e+000
  +0.00000000000e+000
  +0.00000000000e+000
  +0.00000000000e+000
  +0.00000000000e+000
  +0.00000000000e+000
  +0.00000000000e+000
  +0.00000000000e+000
  +0.00000000000e+000
  +0.00000000000e+000
  +0.00000000000e+000
  +0.00000000000e+000
  +0.00000000000e+000
  +0.00000000000e+000
  +0.00000000000e+000
  +0.00000000000e+000
  +0.00000000000e+000
  +0.00000000000e+000
  +0.00000000000e+000
  +0.00000000000e+000
  +0.00000000000e+000
  +0.00000000000e+000
  +0.00000000000e+000
  +0.00000000000e+000
  +0.00000000000e+000
  +0.00000000000e+000
  +0.00000000000e+000
  +0.00000000000e+000
  +0.00000000000e+000
  +0.00000000000e+000
  +0.00000000000e+000
  +0.00000000000e+000
  +0.00000000000e+000
  +0.00000000000e+000
  +0.00000000000e+000
  +0.00000000000e+000
  +0.00000000000e+000
  +0.00000000000e+000
  +0.00000000000e+000
  +0.00000000000e+000
  +0.00000000000e+000
  +0.00000000000e+000
  +0.00000000000e+000
  +0.00000000000e+000
  +0.00000000000e+000
  +0.00000000000e+000
  +0.00000000000e+000
  +0.00000000000e+000
  +0.00000000000e+000
  +0.00000000000e+000
  +0.00000000000e+000
  +0.00000000000e+000
  +0.00000000000e+000
  +0.00000000000e+000
  +0.00000000000e+000
  +0.00000000000e+000
  +0.00000000000e+000
  +0.00000000000e+000
  +0.00000000000e+000
  +0.00000000000e+000
  +0.00000000000e+000
  +0.00000000000e+000
  +0.00000000000e+000
  +0.00000000000e+000
  +0.00000000000e+000
  +0.00000000000e+000
  +0.00000000000e+000
  +0.00000000000e+000
  +0.00000000000e+000
  +0.00000000000e+000
  +0.00000000000e+000
  +0.00000000000e+000
  +0.00000000000e+000
  +0.00000000000e+000
  +0.00000000000e+000
  +0.00000000000e+000
  +0.00000000000e+000
  +0.00000000000e+000
  +0.00000000000e+000
  +0.00000000000e+000
  +0.00000000000e+000
  +0.00000000000e+000
  +0.00000000000e+000
  +0.00000000000e+000
  +0.00000000000e+000
  +0.00000000000e+000
  +0.00000000000e+000
  +0.00000000000e+000
  +0.00000000000e+000
  +0.00000000000e+000
  +0.00000000000e+000
  +0.00000000000e+000
  +0.00000000000e+000
  +0.00000000000e+000
</dep>
<dep V15.It time res>
  +2.19745560967e-006
  -2.22913492487e-008
  +2.31429956010e-008
  -2.22963167406e-008
  +2.31420903117e-008
  -2.22953918316e-008
  +2.31411653143e-008
  -2.22944668531e-008
  +2.31402403542e-008
  -2.22935419103e-008
  +2.31393154312e-008
  -2.22926170053e-008
  +2.31382398062e-008
  +2.31363152570e-008
  -2.22859853238e-008
  -2.22840795396e-008
  -2.22830647836e-008
  +2.31288500849e-008
  -2.22821634397e-008
  +2.31279487570e-008
  -2.22812621288e-008
  +2.31270474679e-008
  -2.22803608570e-008
  +2.31261462102e-008
  -2.22794596202e-008
  -2.22785146638e-008
  -2.22777135838e-008
  -2.22769125353e-008
  -2.22761115105e-008
  -2.22753105150e-008
  -2.22745095503e-008
  -2.22737086098e-008
  -2.22729076996e-008
  -2.22721068188e-008
  -2.22713059649e-008
  -2.22705051402e-008
  -2.22697043417e-008
  -2.22689035724e-008
  +5.88426142917e-008
  +4.64011292772e-009
  +4.24697725078e-009
  +4.24551149351e-009
  +4.24532929591e-009
  +4.24514901898e-009
  +4.24496875256e-009
  +4.24478849380e-009
  +4.24460824270e-009
  +4.24442799924e-009
  +4.24424776345e-009
  +4.24406753530e-009
  -4.50397944910e-005
  -4.50039812159e-005
  -4.50396774069e-005
  -4.50039820374e-005
  -4.50396764529e-005
  -4.50039827438e-005
  -4.50396757337e-005
  -4.50039834479e-005
  -4.50396750295e-005
  -4.50039841521e-005
  -4.50396743255e-005
  -4.50039848562e-005
  -4.50396736213e-005
  -4.50039855603e-005
  -4.50396729171e-005
  -4.50039862821e-005
  -4.50396722309e-005
  -4.50039869684e-005
  -4.50396715091e-005
  -4.50039876902e-005
  -4.50396708051e-005
  -4.50039883764e-005
  -4.50396701189e-005
  -4.50039890804e-005
  -4.50396693972e-005
  +2.19745560967e-006
  -2.22913492487e-008
  +2.31429956010e-008
  -2.22963167406e-008
  +2.31420903117e-008
  -2.22953918316e-008
  +2.31411653143e-008
  -2.22944668531e-008
  +2.31402403542e-008
  -2.22935419103e-008
  +2.31393154312e-008
  -2.22926170053e-008
  +2.31382398062e-008
  +2.31363152570e-008
  -2.22859853238e-008
  -2.22840795396e-008
  -2.22830647836e-008
  +2.31288500849e-008
  -2.22821634397e-008
  +2.31279487570e-008
  -2.22812621288e-008
  +2.31270474679e-008
  -2.22803608570e-008
  +2.31261462102e-008
  -2.22794596202e-008
  -2.22785146638e-008
  -2.22777135838e-008
  -2.22769125353e-008
  -2.22761115105e-008
  -2.22753105150e-008
  -2.22745095503e-008
  -2.22737086098e-008
  -2.22729076996e-008
  -2.22721068188e-008
  -2.22713059649e-008
  -2.22705051402e-008
  -2.22697043417e-008
  -2.22689035724e-008
  +5.88426142917e-008
  +4.64011292772e-009
  +4.24697725078e-009
  +4.24551149351e-009
  +4.24532929591e-009
  +4.24514901898e-009
  +4.24496875256e-009
  +4.24478849380e-009
  +4.24460824270e-009
  +4.24442799924e-009
  +4.24424776345e-009
  +4.24406753530e-009
  -4.50397944910e-005
  -4.50039812159e-005
  -4.50396774069e-005
  -4.50039820374e-005
  -4.50396764529e-005
  -4.50039827438e-005
  -4.50396757337e-005
  -4.50039834479e-005
  -4.50396750295e-005
  -4.50039841521e-005
  -4.50396743255e-005
  -4.50039848562e-005
  -4.50396736213e-005
  -4.50039855603e-005
  -4.50396729171e-005
  -4.50039862821e-005
  -4.50396722309e-005
  -4.50039869684e-005
  -4.50396715091e-005
  -4.50039876902e-005
  -4.50396708051e-005
  -4.50039883764e-005
  -4.50396701189e-005
  -4.50039890804e-005
  -4.50396693972e-005
  +2.19745560967e-006
  -2.22913492487e-008
  +2.31429956010e-008
  -2.22963167406e-008
  +2.31420903117e-008
  -2.22953918316e-008
  +2.31411653143e-008
  -2.22944668531e-008
  +2.31402403542e-008
  -2.22935419103e-008
  +2.31393154312e-008
  -2.22926170053e-008
  +2.31382398062e-008
  +2.31363152570e-008
  -2.22859853238e-008
  -2.22840795396e-008
  -2.22830647836e-008
  +2.31288500849e-008
  -2.22821634397e-008
  +2.31279487570e-008
  -2.22812621288e-008
  +2.31270474679e-008
  -2.22803608570e-008
  +2.31261462102e-008
  -2.22794596202e-008
  -2.22785146638e-008
  -2.22777135838e-008
  -2.22769125353e-008
  -2.22761115105e-008
  -2.22753105150e-008
  -2.22745095503e-008
  -2.22737086098e-008
  -2.22729076996e-008
  -2.22721068188e-008
  -2.22713059649e-008
  -2.22705051402e-008
  -2.22697043417e-008
  -2.22689035724e-008
  +5.88426142917e-008
  +4.64011292772e-009
  +4.24697725078e-009
  +4.24551149351e-009
  +4.24532929591e-009
  +4.24514901898e-009
  +4.24496875256e-009
  +4.24478849380e-009
  +4.24460824270e-009
  +4.24442799924e-009
  +4.24424776345e-009
  +4.24406753530e-009
  -4.50397944910e-005
  -4.50039812159e-005
  -4.50396774069e-005
  -4.50039820374e-005
  -4.50396764529e-005
  -4.50039827438e-005
  -4.50396757337e-005
  -4.50039834479e-005
  -4.50396750295e-005
  -4.50039841521e-005
  -4.50396743255e-005
  -4.50039848562e-005
  -4.50396736213e-005
  -4.50039855603e-005
  -4.50396729171e-005
  -4.50039862821e-005
  -4.50396722309e-005
  -4.50039869684e-005
  -4.50396715091e-005
  -4.50039876902e-005
  -4.50396708051e-005
  -4.50039883764e-005
  -4.50396701189e-005
  -4.50039890804e-005
  -4.50396693972e-005
</dep>
<dep V14.It time res>
  +2.22681183420e-006
  -4.49995489052e-005
  -4.50449958350e-005
  -4.49995565038e-005
  -4.50449948871e-005
  -4.49995574293e-005
  -4.50449939621e-005
  -4.49995583542e-005
  -4.50449930371e-005
  -4.49995592614e-005
  -4.50449921122e-005
  -4.49995602041e-005
  -4.50449910358e-005
  -4.50449891251e-005
  -4.49995668208e-005
  -4.49995687422e-005
  -4.49995697484e-005
  -4.50449816336e-005
  -4.49995706541e-005
  -4.50449807323e-005
  -4.49995715377e-005
  -4.50449798488e-005
  -4.49995724389e-005
  -4.50449789475e-005
  -4.49995733579e-005
  -4.49995743038e-005
  -4.49995750981e-005
  -4.49995758990e-005
  -4.49995767001e-005
  -4.49995775011e-005
  -4.49995783020e-005
  -4.49995791208e-005
  -4.49995799040e-005
  -4.49995807048e-005
  -4.49995815056e-005
  -4.49995823065e-005
  -4.49995831072e-005
  -4.49995839080e-005
  +6.73734917389e-008
  -3.85296057027e-009
  -4.24442371248e-009
  -4.24552888365e-009
  -4.24535051689e-009
  -4.24517024477e-009
  -4.24498997746e-009
  -4.24480971780e-009
  -4.24462946579e-009
  -4.24444922144e-009
  -4.24426898474e-009
  -4.24408875569e-009
  +1.81692287962e-008
  -1.74256455358e-008
  +1.82712786841e-008
  -1.74244535541e-008
  +1.82703247025e-008
  -1.74237434836e-008
  +1.82696204904e-008
  -1.74230392880e-008
  +1.82689163070e-008
  -1.74223351171e-008
  +1.82682121527e-008
  -1.74216309767e-008
  +1.82675080232e-008
  -1.74209268604e-008
  +1.82668039236e-008
  -1.74202227763e-008
  +1.82660998509e-008
  -1.74195187181e-008
  +1.82653958072e-008
  -1.74188146882e-008
  +1.82646917909e-008
  -1.74181106839e-008
  +1.82639878026e-008
  -1.74174067080e-008
  +1.82632838408e-008
  +2.22681183420e-006
  -4.49995489052e-005
  -4.50449958350e-005
  -4.49995565038e-005
  -4.50449948871e-005
  -4.49995574293e-005
  -4.50449939621e-005
  -4.49995583542e-005
  -4.50449930371e-005
  -4.49995592614e-005
  -4.50449921122e-005
  -4.49995602041e-005
  -4.50449910358e-005
  -4.50449891251e-005
  -4.49995668208e-005
  -4.49995687422e-005
  -4.49995697484e-005
  -4.50449816336e-005
  -4.49995706541e-005
  -4.50449807323e-005
  -4.49995715377e-005
  -4.50449798488e-005
  -4.49995724389e-005
  -4.50449789475e-005
  -4.49995733579e-005
  -4.49995743038e-005
  -4.49995750981e-005
  -4.49995758990e-005
  -4.49995767001e-005
  -4.49995775011e-005
  -4.49995783020e-005
  -4.49995791208e-005
  -4.49995799040e-005
  -4.49995807048e-005
  -4.49995815056e-005
  -4.49995823065e-005
  -4.49995831072e-005
  -4.49995839080e-005
  +6.73734917389e-008
  -3.85296057027e-009
  -4.24442371248e-009
  -4.24552888365e-009
  -4.24535051689e-009
  -4.24517024477e-009
  -4.24498997746e-009
  -4.24480971780e-009
  -4.24462946579e-009
  -4.24444922144e-009
  -4.24426898474e-009
  -4.24408875569e-009
  +1.81692287962e-008
  -1.74256455358e-008
  +1.82712786841e-008
  -1.74244535541e-008
  +1.82703247025e-008
  -1.74237434836e-008
  +1.82696204904e-008
  -1.74230392880e-008
  +1.82689163070e-008
  -1.74223351171e-008
  +1.82682121527e-008
  -1.74216309767e-008
  +1.82675080232e-008
  -1.74209268604e-008
  +1.82668039236e-008
  -1.74202227763e-008
  +1.82660998509e-008
  -1.74195187181e-008
  +1.82653958072e-008
  -1.74188146882e-008
  +1.82646917909e-008
  -1.74181106839e-008
  +1.82639878026e-008
  -1.74174067080e-008
  +1.82632838408e-008
  +2.22681183420e-006
  -4.49995489052e-005
  -4.50449958350e-005
  -4.49995565038e-005
  -4.50449948871e-005
  -4.49995574293e-005
  -4.50449939621e-005
  -4.49995583542e-005
  -4.50449930371e-005
  -4.49995592614e-005
  -4.50449921122e-005
  -4.49995602041e-005
  -4.50449910358e-005
  -4.50449891251e-005
  -4.49995668208e-005
  -4.49995687422e-005
  -4.49995697484e-005
  -4.50449816336e-005
  -4.49995706541e-005
  -4.50449807323e-005
  -4.49995715377e-005
  -4.50449798488e-005
  -4.49995724389e-005
  -4.50449789475e-005
  -4.49995733579e-005
  -4.49995743038e-005
  -4.49995750981e-005
  -4.49995758990e-005
  -4.49995767001e-005
  -4.49995775011e-005
  -4.49995783020e-005
  -4.49995791208e-005
  -4.49995799040e-005
  -4.49995807048e-005
  -4.49995815056e-005
  -4.49995823065e-005
  -4.49995831072e-005
  -4.49995839080e-005
  +6.73734917389e-008
  -3.85296057027e-009
  -4.24442371248e-009
  -4.24552888365e-009
  -4.24535051689e-009
  -4.24517024477e-009
  -4.24498997746e-009
  -4.24480971780e-009
  -4.24462946579e-009
  -4.24444922144e-009
  -4.24426898474e-009
  -4.24408875569e-009
  +1.81692287962e-008
  -1.74256455358e-008
  +1.82712786841e-008
  -1.74244535541e-008
  +1.82703247025e-008
  -1.74237434836e-008
  +1.82696204904e-008
  -1.74230392880e-008
  +1.82689163070e-008
  -1.74223351171e-008
  +1.82682121527e-008
  -1.74216309767e-008
  +1.82675080232e-008
  -1.74209268604e-008
  +1.82668039236e-008
  -1.74202227763e-008
  +1.82660998509e-008
  -1.74195187181e-008
  +1.82653958072e-008
  -1.74188146882e-008
  +1.82646917909e-008
  -1.74181106839e-008
  +1.82639878026e-008
  -1.74174067080e-008
  +1.82632838408e-008
</dep>
<dep VdigIn3.Vt time res>
  +0.00000000000e+000
  +5.00000000000e+000
  +5.00000000000e+000
  +5.00000000000e+000
  +5.00000000000e+000
  +5.00000000000e+000
  +5.00000000000e+000
  +5.00000000000e+000
  +5.00000000000e+000
  +5.00000000000e+000
  +5.00000000000e+000
  +5.00000000000e+000
  +5.00000000000e+000
  +5.00000000000e+000
  +5.00000000000e+000
  +5.00000000000e+000
  +5.00000000000e+000
  +5.00000000000e+000
  +5.00000000000e+000
  +5.00000000000e+000
  +5.00000000000e+000
  +5.00000000000e+000
  +5.00000000000e+000
  +5.00000000000e+000
  +5.00000000000e+000
  +5.00000000000e+000
  +5.00000000000e+000
  +5.00000000000e+000
  +5.00000000000e+000
  +5.00000000000e+000
  +5.00000000000e+000
  +5.00000000000e+000
  +5.00000000000e+000
  +5.00000000000e+000
  +5.00000000000e+000
  +5.00000000000e+000
  +5.00000000000e+000
  +5.00000000000e+000
  +0.00000000000e+000
  +0.00000000000e+000
  +0.00000000000e+000
  +0.00000000000e+000
  +0.00000000000e+000
  +0.00000000000e+000
  +0.00000000000e+000
  +0.00000000000e+000
  +0.00000000000e+000
  +0.00000000000e+000
  +0.00000000000e+000
  +0.00000000000e+000
  +0.00000000000e+000
  +0.00000000000e+000
  +0.00000000000e+000
  +0.00000000000e+000
  +0.00000000000e+000
  +0.00000000000e+000
  +0.00000000000e+000
  +0.00000000000e+000
  +0.00000000000e+000
  +0.00000000000e+000
  +0.00000000000e+000
  +0.00000000000e+000
  +0.00000000000e+000
  +0.00000000000e+000
  +0.00000000000e+000
  +0.00000000000e+000
  +0.00000000000e+000
  +0.00000000000e+000
  +0.00000000000e+000
  +0.00000000000e+000
  +0.00000000000e+000
  +0.00000000000e+000
  +0.00000000000e+000
  +0.00000000000e+000
  +0.00000000000e+000
  +0.00000000000e+000
  +5.00000000000e+000
  +5.00000000000e+000
  +5.00000000000e+000
  +5.00000000000e+000
  +5.00000000000e+000
  +5.00000000000e+000
  +5.00000000000e+000
  +5.00000000000e+000
  +5.00000000000e+000
  +5.00000000000e+000
  +5.00000000000e+000
  +5.00000000000e+000
  +5.00000000000e+000
  +5.00000000000e+000
  +5.00000000000e+000
  +5.00000000000e+000
  +5.00000000000e+000
  +5.00000000000e+000
  +5.00000000000e+000
  +5.00000000000e+000
  +5.00000000000e+000
  +5.00000000000e+000
  +5.00000000000e+000
  +5.00000000000e+000
  +5.00000000000e+000
  +5.00000000000e+000
  +5.00000000000e+000
  +5.00000000000e+000
  +5.00000000000e+000
  +5.00000000000e+000
  +5.00000000000e+000
  +5.00000000000e+000
  +5.00000000000e+000
  +5.00000000000e+000
  +5.00000000000e+000
  +5.00000000000e+000
  +5.00000000000e+000
  +0.00000000000e+000
  +0.00000000000e+000
  +0.00000000000e+000
  +0.00000000000e+000
  +0.00000000000e+000
  +0.00000000000e+000
  +0.00000000000e+000
  +0.00000000000e+000
  +0.00000000000e+000
  +0.00000000000e+000
  +0.00000000000e+000
  +0.00000000000e+000
  +0.00000000000e+000
  +0.00000000000e+000
  +0.00000000000e+000
  +0.00000000000e+000
  +0.00000000000e+000
  +0.00000000000e+000
  +0.00000000000e+000
  +0.00000000000e+000
  +0.00000000000e+000
  +0.00000000000e+000
  +0.00000000000e+000
  +0.00000000000e+000
  +0.00000000000e+000
  +0.00000000000e+000
  +0.00000000000e+000
  +0.00000000000e+000
  +0.00000000000e+000
  +0.00000000000e+000
  +0.00000000000e+000
  +0.00000000000e+000
  +0.00000000000e+000
  +0.00000000000e+000
  +0.00000000000e+000
  +0.00000000000e+000
  +0.00000000000e+000
  +0.00000000000e+000
  +5.00000000000e+000
  +5.00000000000e+000
  +5.00000000000e+000
  +5.00000000000e+000
  +5.00000000000e+000
  +5.00000000000e+000
  +5.00000000000e+000
  +5.00000000000e+000
  +5.00000000000e+000
  +5.00000000000e+000
  +5.00000000000e+000
  +5.00000000000e+000
  +5.00000000000e+000
  +5.00000000000e+000
  +5.00000000000e+000
  +5.00000000000e+000
  +5.00000000000e+000
  +5.00000000000e+000
  +5.00000000000e+000
  +5.00000000000e+000
  +5.00000000000e+000
  +5.00000000000e+000
  +5.00000000000e+000
  +5.00000000000e+000
  +5.00000000000e+000
  +5.00000000000e+000
  +5.00000000000e+000
  +5.00000000000e+000
  +5.00000000000e+000
  +5.00000000000e+000
  +5.00000000000e+000
  +5.00000000000e+000
  +5.00000000000e+000
  +5.00000000000e+000
  +5.00000000000e+000
  +5.00000000000e+000
  +5.00000000000e+000
  +0.00000000000e+000
  +0.00000000000e+000
  +0.00000000000e+000
  +0.00000000000e+000
  +0.00000000000e+000
  +0.00000000000e+000
  +0.00000000000e+000
  +0.00000000000e+000
  +0.00000000000e+000
  +0.00000000000e+000
  +0.00000000000e+000
  +0.00000000000e+000
  +0.00000000000e+000
  +0.00000000000e+000
  +0.00000000000e+000
  +0.00000000000e+000
  +0.00000000000e+000
  +0.00000000000e+000
  +0.00000000000e+000
  +0.00000000000e+000
  +0.00000000000e+000
  +0.00000000000e+000
  +0.00000000000e+000
  +0.00000000000e+000
  +0.00000000000e+000
  +0.00000000000e+000
  +0.00000000000e+000
  +0.00000000000e+000
  +0.00000000000e+000
  +0.00000000000e+000
  +0.00000000000e+000
  +0.00000000000e+000
  +0.00000000000e+000
  +0.00000000000e+000
  +0.00000000000e+000
  +0.00000000000e+000
  +0.00000000000e+000
</dep>
<dep VdigIn4.Vt time res>
  +0.00000000000e+000
  +0.00000000000e+000
  +0.00000000000e+000
  +0.00000000000e+000
  +0.00000000000e+000
  +0.00000000000e+000
  +0.00000000000e+000
  +0.00000000000e+000
  +0.00000000000e+000
  +0.00000000000e+000
  +0.00000000000e+000
  +0.00000000000e+000
  +0.00000000000e+000
  +0.00000000000e+000
  +0.00000000000e+000
  +0.00000000000e+000
  +0.00000000000e+000
  +0.00000000000e+000
  +0.00000000000e+000
  +0.00000000000e+000
  +0.00000000000e+000
  +0.00000000000e+000
  +0.00000000000e+000
  +0.00000000000e+000
  +0.00000000000e+000
  +0.00000000000e+000
  +0.00000000000e+000
  +0.00000000000e+000
  +0.00000000000e+000
  +0.00000000000e+000
  +0.00000000000e+000
  +0.00000000000e+000
  +0.00000000000e+000
  +0.00000000000e+000
  +0.00000000000e+000
  +0.00000000000e+000
  +0.00000000000e+000
  +0.00000000000e+000
  +0.00000000000e+000
  +0.00000000000e+000
  +0.00000000000e+000
  +0.00000000000e+000
  +0.00000000000e+000
  +0.00000000000e+000
  +0.00000000000e+000
  +0.00000000000e+000
  +0.00000000000e+000
  +0.00000000000e+000
  +0.00000000000e+000
  +0.00000000000e+000
  +5.00000000000e+000
  +5.00000000000e+000
  +5.00000000000e+000
  +5.00000000000e+000
  +5.00000000000e+000
  +5.00000000000e+000
  +5.00000000000e+000
  +5.00000000000e+000
  +5.00000000000e+000
  +5.00000000000e+000
  +5.00000000000e+000
  +5.00000000000e+000
  +5.00000000000e+000
  +5.00000000000e+000
  +5.00000000000e+000
  +5.00000000000e+000
  +5.00000000000e+000
  +5.00000000000e+000
  +5.00000000000e+000
  +5.00000000000e+000
  +5.00000000000e+000
  +5.00000000000e+000
  +5.00000000000e+000
  +5.00000000000e+000
  +5.00000000000e+000
  +0.00000000000e+000
  +0.00000000000e+000
  +0.00000000000e+000
  +0.00000000000e+000
  +0.00000000000e+000
  +0.00000000000e+000
  +0.00000000000e+000
  +0.00000000000e+000
  +0.00000000000e+000
  +0.00000000000e+000
  +0.00000000000e+000
  +0.00000000000e+000
  +0.00000000000e+000
  +0.00000000000e+000
  +0.00000000000e+000
  +0.00000000000e+000
  +0.00000000000e+000
  +0.00000000000e+000
  +0.00000000000e+000
  +0.00000000000e+000
  +0.00000000000e+000
  +0.00000000000e+000
  +0.00000000000e+000
  +0.00000000000e+000
  +0.00000000000e+000
  +0.00000000000e+000
  +0.00000000000e+000
  +0.00000000000e+000
  +0.00000000000e+000
  +0.00000000000e+000
  +0.00000000000e+000
  +0.00000000000e+000
  +0.00000000000e+000
  +0.00000000000e+000
  +0.00000000000e+000
  +0.00000000000e+000
  +0.00000000000e+000
  +0.00000000000e+000
  +0.00000000000e+000
  +0.00000000000e+000
  +0.00000000000e+000
  +0.00000000000e+000
  +0.00000000000e+000
  +0.00000000000e+000
  +0.00000000000e+000
  +0.00000000000e+000
  +0.00000000000e+000
  +0.00000000000e+000
  +0.00000000000e+000
  +0.00000000000e+000
  +5.00000000000e+000
  +5.00000000000e+000
  +5.00000000000e+000
  +5.00000000000e+000
  +5.00000000000e+000
  +5.00000000000e+000
  +5.00000000000e+000
  +5.00000000000e+000
  +5.00000000000e+000
  +5.00000000000e+000
  +5.00000000000e+000
  +5.00000000000e+000
  +5.00000000000e+000
  +5.00000000000e+000
  +5.00000000000e+000
  +5.00000000000e+000
  +5.00000000000e+000
  +5.00000000000e+000
  +5.00000000000e+000
  +5.00000000000e+000
  +5.00000000000e+000
  +5.00000000000e+000
  +5.00000000000e+000
  +5.00000000000e+000
  +5.00000000000e+000
  +0.00000000000e+000
  +0.00000000000e+000
  +0.00000000000e+000
  +0.00000000000e+000
  +0.00000000000e+000
  +0.00000000000e+000
  +0.00000000000e+000
  +0.00000000000e+000
  +0.00000000000e+000
  +0.00000000000e+000
  +0.00000000000e+000
  +0.00000000000e+000
  +0.00000000000e+000
  +0.00000000000e+000
  +0.00000000000e+000
  +0.00000000000e+000
  +0.00000000000e+000
  +0.00000000000e+000
  +0.00000000000e+000
  +0.00000000000e+000
  +0.00000000000e+000
  +0.00000000000e+000
  +0.00000000000e+000
  +0.00000000000e+000
  +0.00000000000e+000
  +0.00000000000e+000
  +0.00000000000e+000
  +0.00000000000e+000
  +0.00000000000e+000
  +0.00000000000e+000
  +0.00000000000e+000
  +0.00000000000e+000
  +0.00000000000e+000
  +0.00000000000e+000
  +0.00000000000e+000
  +0.00000000000e+000
  +0.00000000000e+000
  +0.00000000000e+000
  +0.00000000000e+000
  +0.00000000000e+000
  +0.00000000000e+000
  +0.00000000000e+000
  +0.00000000000e+000
  +0.00000000000e+000
  +0.00000000000e+000
  +0.00000000000e+000
  +0.00000000000e+000
  +0.00000000000e+000
  +0.00000000000e+000
  +0.00000000000e+000
  +5.00000000000e+000
  +5.00000000000e+000
  +5.00000000000e+000
  +5.00000000000e+000
  +5.00000000000e+000
  +5.00000000000e+000
  +5.00000000000e+000
  +5.00000000000e+000
  +5.00000000000e+000
  +5.00000000000e+000
  +5.00000000000e+000
  +5.00000000000e+000
  +5.00000000000e+000
  +5.00000000000e+000
  +5.00000000000e+000
  +5.00000000000e+000
  +5.00000000000e+000
  +5.00000000000e+000
  +5.00000000000e+000
  +5.00000000000e+000
  +5.00000000000e+000
  +5.00000000000e+000
  +5.00000000000e+000
  +5.00000000000e+000
  +5.00000000000e+000
</dep>
<dep VdigOut2.Vt time res>
  -4.42426744426e-001
  +4.50218402588e+000
  +4.50218528389e+000
  +4.50218528138e+000
  +4.50218527968e+000
  +4.50218528140e+000
  +4.50218527968e+000
  +4.50218528140e+000
  +4.50218527968e+000
  +4.50218528140e+000
  +4.50218527968e+000
  +4.50218528140e+000
  +4.50218527968e+000
  +4.50218527968e+000
  +4.50218528140e+000
  +4.50218528140e+000
  +4.50218528140e+000
  +4.50218527968e+000
  +4.50218528140e+000
  +4.50218527968e+000
  +4.50218528140e+000
  +4.50218527968e+000
  +4.50218528140e+000
  +4.50218527968e+000
  +4.50218528140e+000
  +4.50218528140e+000
  +4.50218528140e+000
  +4.50218528140e+000
  +4.50218528140e+000
  +4.50218528140e+000
  +4.50218528140e+000
  +4.50218528140e+000
  +4.50218528140e+000
  +4.50218528140e+000
  +4.50218528140e+000
  +4.50218528140e+000
  +4.50218528140e+000
  +4.50218528140e+000
  -1.26216106028e-002
  -7.87152357437e-005
  -2.55353830027e-007
  +1.73901427297e-009
  +2.12209802449e-009
  +2.12257890231e-009
  +2.12248971052e-009
  +2.12239950047e-009
  +2.12230932498e-009
  +2.12221930995e-009
  +2.12212911515e-009
  +2.12203906793e-009
  +4.50216252594e+000
  +4.50214068738e+000
  +4.50214061248e+000
  +4.50214064904e+000
  +4.50214061197e+000
  +4.50214064901e+000
  +4.50214061197e+000
  +4.50214064901e+000
  +4.50214061197e+000
  +4.50214064901e+000
  +4.50214061197e+000
  +4.50214064901e+000
  +4.50214061197e+000
  +4.50214064901e+000
  +4.50214061197e+000
  +4.50214064901e+000
  +4.50214061197e+000
  +4.50214064901e+000
  +4.50214061197e+000
  +4.50214064901e+000
  +4.50214061197e+000
  +4.50214064900e+000
  +4.50214061197e+000
  +4.50214064900e+000
  +4.50214061198e+000
  -4.42426744426e-001
  +4.50218402588e+000
  +4.50218528389e+000
  +4.50218528138e+000
  +4.50218527968e+000
  +4.50218528140e+000
  +4.50218527968e+000
  +4.50218528140e+000
  +4.50218527968e+000
  +4.50218528140e+000
  +4.50218527968e+000
  +4.50218528140e+000
  +4.50218527968e+000
  +4.50218527968e+000
  +4.50218528140e+000
  +4.50218528140e+000
  +4.50218528140e+000
  +4.50218527968e+000
  +4.50218528140e+000
  +4.50218527968e+000
  +4.50218528140e+000
  +4.50218527968e+000
  +4.50218528140e+000
  +4.50218527968e+000
  +4.50218528140e+000
  +4.50218528140e+000
  +4.50218528140e+000
  +4.50218528140e+000
  +4.50218528140e+000
  +4.50218528140e+000
  +4.50218528140e+000
  +4.50218528140e+000
  +4.50218528140e+000
  +4.50218528140e+000
  +4.50218528140e+000
  +4.50218528140e+000
  +4.50218528140e+000
  +4.50218528140e+000
  -1.26216106028e-002
  -7.87152357437e-005
  -2.55353830027e-007
  +1.73901427297e-009
  +2.12209802449e-009
  +2.12257890231e-009
  +2.12248971052e-009
  +2.12239950047e-009
  +2.12230932498e-009
  +2.12221930995e-009
  +2.12212911515e-009
  +2.12203906793e-009
  +4.50216252594e+000
  +4.50214068738e+000
  +4.50214061248e+000
  +4.50214064904e+000
  +4.50214061197e+000
  +4.50214064901e+000
  +4.50214061197e+000
  +4.50214064901e+000
  +4.50214061197e+000
  +4.50214064901e+000
  +4.50214061197e+000
  +4.50214064901e+000
  +4.50214061197e+000
  +4.50214064901e+000
  +4.50214061197e+000
  +4.50214064901e+000
  +4.50214061197e+000
  +4.50214064901e+000
  +4.50214061197e+000
  +4.50214064901e+000
  +4.50214061197e+000
  +4.50214064900e+000
  +4.50214061197e+000
  +4.50214064900e+000
  +4.50214061198e+000
  -4.42426744426e-001
  +4.50218402588e+000
  +4.50218528389e+000
  +4.50218528138e+000
  +4.50218527968e+000
  +4.50218528140e+000
  +4.50218527968e+000
  +4.50218528140e+000
  +4.50218527968e+000
  +4.50218528140e+000
  +4.50218527968e+000
  +4.50218528140e+000
  +4.50218527968e+000
  +4.50218527968e+000
  +4.50218528140e+000
  +4.50218528140e+000
  +4.50218528140e+000
  +4.50218527968e+000
  +4.50218528140e+000
  +4.50218527968e+000
  +4.50218528140e+000
  +4.50218527968e+000
  +4.50218528140e+000
  +4.50218527968e+000
  +4.50218528140e+000
  +4.50218528140e+000
  +4.50218528140e+000
  +4.50218528140e+000
  +4.50218528140e+000
  +4.50218528140e+000
  +4.50218528140e+000
  +4.50218528140e+000
  +4.50218528140e+000
  +4.50218528140e+000
  +4.50218528140e+000
  +4.50218528140e+000
  +4.50218528140e+000
  +4.50218528140e+000
  -1.26216106028e-002
  -7.87152357437e-005
  -2.55353830027e-007
  +1.73901427297e-009
  +2.12209802449e-009
  +2.12257890231e-009
  +2.12248971052e-009
  +2.12239950047e-009
  +2.12230932498e-009
  +2.12221930995e-009
  +2.12212911515e-009
  +2.12203906793e-009
  +4.50216252594e+000
  +4.50214068738e+000
  +4.50214061248e+000
  +4.50214064904e+000
  +4.50214061197e+000
  +4.50214064901e+000
  +4.50214061197e+000
  +4.50214064901e+000
  +4.50214061197e+000
  +4.50214064901e+000
  +4.50214061197e+000
  +4.50214064901e+000
  +4.50214061197e+000
  +4.50214064901e+000
  +4.50214061197e+000
  +4.50214064901e+000
  +4.50214061197e+000
  +4.50214064901e+000
  +4.50214061197e+000
  +4.50214064901e+000
  +4.50214061197e+000
  +4.50214064900e+000
  +4.50214061197e+000
  +4.50214064900e+000
  +4.50214061198e+000
</dep>
<dep _net34.Vt time res>
  -4.42428941882e-001
  +4.50218404817e+000
  +4.50218526075e+000
  +4.50218530367e+000
  +4.50218525654e+000
  +4.50218530370e+000
  +4.50218525654e+000
  +4.50218530369e+000
  +4.50218525654e+000
  +4.50218530369e+000
  +4.50218525654e+000
  +4.50218530369e+000
  +4.50218525654e+000
  +4.50218525655e+000
  +4.50218530369e+000
  +4.50218530368e+000
  +4.50218530368e+000
  +4.50218525655e+000
  +4.50218530368e+000
  +4.50218525655e+000
  +4.50218530368e+000
  +4.50218525656e+000
  +4.50218530368e+000
  +4.50218525656e+000
  +4.50218530368e+000
  +4.50218530368e+000
  +4.50218530368e+000
  +4.50218530368e+000
  +4.50218530367e+000
  +4.50218530367e+000
  +4.50218530367e+000
  +4.50218530367e+000
  +4.50218530367e+000
  +4.50218530367e+000
  +4.50218530367e+000
  +4.50218530367e+000
  +4.50218530367e+000
  +4.50218530367e+000
  -1.26216694454e-002
  -7.87198758566e-005
  -2.59600807278e-007
  -2.50649722054e-009
  -2.12323127142e-009
  -2.12257011668e-009
  -2.12247904204e-009
  -2.12238899334e-009
  -2.12229891771e-009
  -2.12220868929e-009
  -2.12211864830e-009
  -2.12202846737e-009
  +4.50220756573e+000
  +4.50218569136e+000
  +4.50218565215e+000
  +4.50218565302e+000
  +4.50218565164e+000
  +4.50218565299e+000
  +4.50218565164e+000
  +4.50218565299e+000
  +4.50218565164e+000
  +4.50218565299e+000
  +4.50218565164e+000
  +4.50218565299e+000
  +4.50218565164e+000
  +4.50218565299e+000
  +4.50218565164e+000
  +4.50218565299e+000
  +4.50218565164e+000
  +4.50218565299e+000
  +4.50218565164e+000
  +4.50218565299e+000
  +4.50218565164e+000
  +4.50218565299e+000
  +4.50218565164e+000
  +4.50218565299e+000
  +4.50218565164e+000
  -4.42428941882e-001
  +4.50218404817e+000
  +4.50218526075e+000
  +4.50218530367e+000
  +4.50218525654e+000
  +4.50218530370e+000
  +4.50218525654e+000
  +4.50218530369e+000
  +4.50218525654e+000
  +4.50218530369e+000
  +4.50218525654e+000
  +4.50218530369e+000
  +4.50218525654e+000
  +4.50218525655e+000
  +4.50218530369e+000
  +4.50218530368e+000
  +4.50218530368e+000
  +4.50218525655e+000
  +4.50218530368e+000
  +4.50218525655e+000
  +4.50218530368e+000
  +4.50218525656e+000
  +4.50218530368e+000
  +4.50218525656e+000
  +4.50218530368e+000
  +4.50218530368e+000
  +4.50218530368e+000
  +4.50218530368e+000
  +4.50218530367e+000
  +4.50218530367e+000
  +4.50218530367e+000
  +4.50218530367e+000
  +4.50218530367e+000
  +4.50218530367e+000
  +4.50218530367e+000
  +4.50218530367e+000
  +4.50218530367e+000
  +4.50218530367e+000
  -1.26216694454e-002
  -7.87198758566e-005
  -2.59600807278e-007
  -2.50649722054e-009
  -2.12323127142e-009
  -2.12257011668e-009
  -2.12247904204e-009
  -2.12238899334e-009
  -2.12229891771e-009
  -2.12220868929e-009
  -2.12211864830e-009
  -2.12202846737e-009
  +4.50220756573e+000
  +4.50218569136e+000
  +4.50218565215e+000
  +4.50218565302e+000
  +4.50218565164e+000
  +4.50218565299e+000
  +4.50218565164e+000
  +4.50218565299e+000
  +4.50218565164e+000
  +4.50218565299e+000
  +4.50218565164e+000
  +4.50218565299e+000
  +4.50218565164e+000
  +4.50218565299e+000
  +4.50218565164e+000
  +4.50218565299e+000
  +4.50218565164e+000
  +4.50218565299e+000
  +4.50218565164e+000
  +4.50218565299e+000
  +4.50218565164e+000
  +4.50218565299e+000
  +4.50218565164e+000
  +4.50218565299e+000
  +4.50218565164e+000
  -4.42428941882e-001
  +4.50218404817e+000
  +4.50218526075e+000
  +4.50218530367e+000
  +4.50218525654e+000
  +4.50218530370e+000
  +4.50218525654e+000
  +4.50218530369e+000
  +4.50218525654e+000
  +4.50218530369e+000
  +4.50218525654e+000
  +4.50218530369e+000
  +4.50218525654e+000
  +4.50218525655e+000
  +4.50218530369e+000
  +4.50218530368e+000
  +4.50218530368e+000
  +4.50218525655e+000
  +4.50218530368e+000
  +4.50218525655e+000
  +4.50218530368e+000
  +4.50218525656e+000
  +4.50218530368e+000
  +4.50218525656e+000
  +4.50218530368e+000
  +4.50218530368e+000
  +4.50218530368e+000
  +4.50218530368e+000
  +4.50218530367e+000
  +4.50218530367e+000
  +4.50218530367e+000
  +4.50218530367e+000
  +4.50218530367e+000
  +4.50218530367e+000
  +4.50218530367e+000
  +4.50218530367e+000
  +4.50218530367e+000
  +4.50218530367e+000
  -1.26216694454e-002
  -7.87198758566e-005
  -2.59600807278e-007
  -2.50649722054e-009
  -2.12323127142e-009
  -2.12257011668e-009
  -2.12247904204e-009
  -2.12238899334e-009
  -2.12229891771e-009
  -2.12220868929e-009
  -2.12211864830e-009
  -2.12202846737e-009
  +4.50220756573e+000
  +4.50218569136e+000
  +4.50218565215e+000
  +4.50218565302e+000
  +4.50218565164e+000
  +4.50218565299e+000
  +4.50218565164e+000
  +4.50218565299e+000
  +4.50218565164e+000
  +4.50218565299e+000
  +4.50218565164e+000
  +4.50218565299e+000
  +4.50218565164e+000
  +4.50218565299e+000
  +4.50218565164e+000
  +4.50218565299e+000
  +4.50218565164e+000
  +4.50218565299e+000
  +4.50218565164e+000
  +4.50218565299e+000
  +4.50218565164e+000
  +4.50218565299e+000
  +4.50218565164e+000
  +4.50218565299e+000
  +4.50218565164e+000
</dep>
<dep Vinput.Vt time res>
  +0.00000000000e+000
  +3.01377584617e+000
  +5.83436083321e+000
  +8.28094813779e+000
  +1.01967051594e+001
  +1.14588268973e+001
  +1.19864080702e+001
  +1.17456293546e+001
  +1.07519252915e+001
  +9.06899489225e+000
  +6.80471836635e+000
  +4.10424171991e+000
  +1.14067251965e+000
  -1.89601675168e+000
  -4.81116642488e+000
  -7.41790783465e+000
  -9.54914208637e+000
  -1.10682515293e+001
  -1.18778573026e+001
  -1.19260615735e+001
  -1.12097743232e+001
  -9.77491142460e+000
  -7.71345131624e+000
  -5.15753894507e+000
  -2.27101493232e+000
  +7.61087035879e-001
  +3.74440134838e+000
  +6.48768980947e+000
  +8.81510050389e+000
  +1.05774403614e+001
  +1.16617388199e+001
  +1.19984895321e+001
  +1.15661059027e+001
  +1.03923048454e+001
  +8.55233005655e+000
  +6.16412869888e+000
  +3.38079068210e+000
  +3.80735201977e-001
  -2.64372639344e+000
  -5.49871826073e+000
  -8.00122800620e+000
  -9.99083825562e+000
  -1.13400098246e+001
  -1.19622573114e+001
  -1.18176930361e+001
  -1.09155839443e+001
  -9.31375757150e+000
  -7.11489514866e+000
  -4.45994946792e+000
  -1.51910944288e+000
  +1.51910944288e+000
  +4.45994946792e+000
  +7.11489514866e+000
  +9.31375757150e+000
  +1.09155839443e+001
  +1.18176930361e+001
  +1.19622573114e+001
  +1.13400098246e+001
  +9.99083825562e+000
  +8.00122800620e+000
  +5.49871826073e+000
  +2.64372639344e+000
  -3.80735201977e-001
  -3.38079068210e+000
  -6.16412869888e+000
  -8.55233005655e+000
  -1.03923048454e+001
  -1.15661059027e+001
  -1.19984895321e+001
  -1.16617388199e+001
  -1.05774403614e+001
  -8.81510050389e+000
  -6.48768980947e+000
  -3.74440134838e+000
  -7.61087035879e-001
  +0.00000000000e+000
  +3.01377584617e+000
  +5.83436083321e+000
  +8.28094813779e+000
  +1.01967051594e+001
  +1.14588268973e+001
  +1.19864080702e+001
  +1.17456293546e+001
  +1.07519252915e+001
  +9.06899489225e+000
  +6.80471836635e+000
  +4.10424171991e+000
  +1.14067251965e+000
  -1.89601675168e+000
  -4.81116642488e+000
  -7.41790783465e+000
  -9.54914208637e+000
  -1.10682515293e+001
  -1.18778573026e+001
  -1.19260615735e+001
  -1.12097743232e+001
  -9.77491142460e+000
  -7.71345131624e+000
  -5.15753894507e+000
  -2.27101493232e+000
  +7.61087035879e-001
  +3.74440134838e+000
  +6.48768980947e+000
  +8.81510050389e+000
  +1.05774403614e+001
  +1.16617388199e+001
  +1.19984895321e+001
  +1.15661059027e+001
  +1.03923048454e+001
  +8.55233005655e+000
  +6.16412869888e+000
  +3.38079068210e+000
  +3.80735201977e-001
  -2.64372639344e+000
  -5.49871826073e+000
  -8.00122800620e+000
  -9.99083825562e+000
  -1.13400098246e+001
  -1.19622573114e+001
  -1.18176930361e+001
  -1.09155839443e+001
  -9.31375757150e+000
  -7.11489514866e+000
  -4.45994946792e+000
  -1.51910944288e+000
  +1.51910944288e+000
  +4.45994946792e+000
  +7.11489514866e+000
  +9.31375757150e+000
  +1.09155839443e+001
  +1.18176930361e+001
  +1.19622573114e+001
  +1.13400098246e+001
  +9.99083825562e+000
  +8.00122800620e+000
  +5.49871826073e+000
  +2.64372639344e+000
  -3.80735201977e-001
  -3.38079068210e+000
  -6.16412869888e+000
  -8.55233005655e+000
  -1.03923048454e+001
  -1.15661059027e+001
  -1.19984895321e+001
  -1.16617388199e+001
  -1.05774403614e+001
  -8.81510050389e+000
  -6.48768980947e+000
  -3.74440134838e+000
  -7.61087035879e-001
  +0.00000000000e+000
  +3.01377584617e+000
  +5.83436083321e+000
  +8.28094813779e+000
  +1.01967051594e+001
  +1.14588268973e+001
  +1.19864080702e+001
  +1.17456293546e+001
  +1.07519252915e+001
  +9.06899489225e+000
  +6.80471836635e+000
  +4.10424171991e+000
  +1.14067251965e+000
  -1.89601675168e+000
  -4.81116642488e+000
  -7.41790783465e+000
  -9.54914208637e+000
  -1.10682515293e+001
  -1.18778573026e+001
  -1.19260615735e+001
  -1.12097743232e+001
  -9.77491142460e+000
  -7.71345131624e+000
  -5.15753894507e+000
  -2.27101493232e+000
  +7.61087035879e-001
  +3.74440134838e+000
  +6.48768980947e+000
  +8.81510050389e+000
  +1.05774403614e+001
  +1.16617388199e+001
  +1.19984895321e+001
  +1.15661059027e+001
  +1.03923048454e+001
  +8.55233005655e+000
  +6.16412869888e+000
  +3.38079068210e+000
  +3.80735201977e-001
  -2.64372639344e+000
  -5.49871826073e+000
  -8.00122800620e+000
  -9.99083825562e+000
  -1.13400098246e+001
  -1.19622573114e+001
  -1.18176930361e+001
  -1.09155839443e+001
  -9.31375757150e+000
  -7.11489514866e+000
  -4.45994946792e+000
  -1.51910944288e+000
  +1.51910944288e+000
  +4.45994946792e+000
  +7.11489514866e+000
  +9.31375757150e+000
  +1.09155839443e+001
  +1.18176930361e+001
  +1.19622573114e+001
  +1.13400098246e+001
  +9.99083825562e+000
  +8.00122800620e+000
  +5.49871826073e+000
  +2.64372639344e+000
  -3.80735201977e-001
  -3.38079068210e+000
  -6.16412869888e+000
  -8.55233005655e+000
  -1.03923048454e+001
  -1.15661059027e+001
  -1.19984895321e+001
  -1.16617388199e+001
  -1.05774403614e+001
  -8.81510050389e+000
  -6.48768980947e+000
  -3.74440134838e+000
  -7.61087035879e-001
</dep>
